Time,X,Y,Z,XZ,X-zeroed,Z-Zeroed,X-diff,Z-diff,Heading,Distance (m),Speed,Speedx2
0,0.943,0,0.227,,0,0.227,0,0,0,0,0,0
1,-0.002161324,1.595322,0.001258314,,-0.945161324,0.001258314,-0.945161324,0.225741686,-0.234447224,0.971745459,0.971745459,1.943490918
2,-0.01095017,1.59276,0.04989257,,-0.95395017,0.04989257,-0.008788846,-0.048634256,1.392012777,0.049422006,0.049422006,0.098844012
3,-0.1255341,1.583846,0.06931238,,-1.0685341,0.06931238,-0.11458393,-0.01941981,0.167885785,0.116217925,0.116217925,0.23243585
4,-0.2260871,1.597899,0.108649,,-1.1690871,0.108649,-0.100553,-0.03933662,0.372899697,0.107973494,0.107973494,0.215946988
5,-0.1695322,1.600732,0.06101868,,-1.1125322,0.06101868,0.0565549,0.04763032,0.699946054,0.073939868,0.073939868,0.147879736
6,-0.2249956,1.60254,0.1506271,,-1.1679956,0.1506271,-0.0554634,-0.08960842,1.016557242,0.105384333,0.105384333,0.210768666
7,-0.1764106,1.595105,0.1731273,,-1.1194106,0.1731273,0.048585,-0.0225002,-0.433702573,0.053542144,0.053542144,0.107084288
8,-0.16535,1.600622,0.1635089,,-1.10835,0.1635089,0.0110606,0.0096184,0.715768659,0.014657779,0.014657779,0.029315558
9,-0.2118066,1.600429,0.1301572,,-1.1548066,0.1301572,-0.0464566,0.0333517,-0.62264584,0.057188736,0.057188736,0.114377472
10,-0.2171845,1.597523,0.1322929,,-1.1601845,0.1322929,-0.0053779,-0.0021357,0.378025709,0.005786452,0.005786452,0.011572904
11,-0.206385,1.596976,0.1288979,,-1.149385,0.1288979,0.0107995,0.003395,0.304584319,0.011320566,0.011320566,0.022641132
12,-0.2369061,1.585331,0.256709,,-1.1799061,0.256709,-0.0305211,-0.1278111,1.336387711,0.131404775,0.131404775,0.26280955
13,-0.4067179,1.587425,0.1661442,,-1.3497179,0.1661442,-0.1698118,0.0905648,-0.48995048,0.192452671,0.192452671,0.384905342
14,-0.5217946,1.595241,0.2883573,,-1.4647946,0.2883573,-0.1150767,-0.1222131,0.815463719,0.167865091,0.167865091,0.335730182
15,-0.5381317,1.597595,0.2534028,,-1.4811317,0.2534028,-0.0163371,0.0349545,-1.133582016,0.038583907,0.038583907,0.077167814
16,-0.7865661,1.586972,0.3673493,,-1.7295661,0.3673493,-0.2484344,-0.1139465,0.4300308,0.27331933,0.27331933,0.54663866
17,-1.42761,1.592494,0.4301829,,-2.37061,0.4301829,-0.6410439,-0.0628336,0.097705521,0.644115939,0.644115939,1.288231878
18,-2.154879,1.599425,0.4937573,,-3.097879,0.4937573,-0.727269,-0.0635744,0.087193604,0.730042398,0.730042398,1.460084796
19,-2.90221,1.606633,0.5939658,,-3.84521,0.5939658,-0.747331,-0.1002085,0.133293444,0.754019474,0.754019474,1.508038948
20,-3.597427,1.601223,0.7126728,,-4.540427,0.7126728,-0.695217,-0.118707,0.16911718,0.705278689,0.705278689,1.410557378
21,-4.452645,1.585611,0.7849911,,-5.395645,0.7849911,-0.855218,-0.0723183,0.084360552,0.858270216,0.858270216,1.716540432
22,-5.473069,1.628215,0.717512,,-6.416069,0.717512,-1.020424,0.0674791,-0.066032351,1.022652712,1.022652712,2.045305424
23,-6.400202,1.624348,0.7098997,,-7.343202,0.7098997,-0.927133,0.0076123,-0.008210396,0.92716425,0.92716425,1.8543285
24,-7.264993,1.60868,0.8108419,,-8.207993,0.8108419,-0.864791,-0.1009422,0.116198572,0.870662277,0.870662277,1.741324554
25,-7.921601,1.629418,0.906276,,-8.864601,0.906276,-0.656608,-0.0954341,0.144333421,0.663507146,0.663507146,1.327014292
26,-8.19404,1.619915,0.7986348,,-9.13704,0.7986348,-0.272439,0.1076412,-0.376276865,0.292932819,0.292932819,0.585865638
27,-8.273595,1.624911,0.8565886,,-9.216595,0.8565886,-0.079555,-0.0579538,0.629581953,0.098425814,0.098425814,0.196851628
28,-8.039136,1.622447,1.004581,,-8.982136,1.004581,0.234459,-0.1479924,-0.563051056,0.277259397,0.277259397,0.554518794
29,-8.031721,1.622177,1.007542,,-8.974721,1.007542,0.007415,-0.002961,-0.379924941,0.007984344,0.007984344,0.015968688
30,-8.00965,1.622394,0.9700931,,-8.95265,0.9700931,0.022071,0.0374489,1.038234787,0.043468945,0.043468945,0.08693789
31,-8.025314,1.620285,0.964557,,-8.968314,0.964557,-0.015664,0.0055361,-0.339725663,0.016613528,0.016613528,0.033227056
32,-8.099581,1.619165,0.9611493,,-9.042581,0.9611493,-0.074267,0.0034077,-0.045852283,0.074345139,0.074345139,0.148690278
33,-9.121459,1.619763,0.8648358,,-10.064459,0.8648358,-1.021878,0.0963135,-0.093973855,1.026406809,1.026406809,2.052813618
34,-9.376064,1.617834,0.984251,,-10.319064,0.984251,-0.254605,-0.1194152,0.438559066,0.281218236,0.281218236,0.562436472
35,-10.09089,1.616253,0.9995019,,-11.03389,0.9995019,-0.714826,-0.0152509,0.021331886,0.714988671,0.714988671,1.429977342
36,-11.32515,1.616573,0.9473493,,-12.26815,0.9473493,-1.23426,0.0521526,-0.042229024,1.23536134,1.23536134,2.47072268
37,-12.1579,1.617693,0.9592289,,-13.1009,0.9592289,-0.83275,-0.0118796,0.014264538,0.83283473,0.83283473,1.66566946
38,-13.15502,1.614374,1.21194,,-14.09802,1.21194,-0.99712,-0.2527111,0.24821463,1.02864532,1.02864532,2.05729064
39,-13.71926,1.612547,1.063598,,-14.66226,1.063598,-0.56424,0.148342,-0.257087985,0.583414198,0.583414198,1.166828396
40,-14.18472,1.609428,1.324989,,-15.12772,1.324989,-0.46546,-0.261391,0.511687003,0.533833557,0.533833557,1.067667114
41,-14.7935,1.604435,1.151973,,-15.7365,1.151973,-0.60878,0.173016,-0.2769002,0.632888319,0.632888319,1.265776638
42,-14.87088,1.602643,1.45387,,-15.81388,1.45387,-0.07738,-0.301897,1.31988529,0.311656001,0.311656001,0.623312002
43,-14.87793,1.605828,1.472084,,-15.82093,1.472084,-0.00705,-0.018214,1.201490394,0.019530804,0.019530804,0.039061608
44,-14.85844,1.606538,1.471465,,-15.80144,1.471465,0.01949,0.000619,0.031749205,0.019499827,0.019499827,0.038999654
45,-14.85984,1.607027,1.469696,,-15.80284,1.469696,-0.0014,0.001769,-0.901316672,0.002255961,0.002255961,0.004511922
46,-14.85083,1.608105,1.469464,,-15.79383,1.469464,0.00901,0.000232,0.025743479,0.009012986,0.009012986,0.018025972
47,-14.84896,1.60537,1.468488,,-15.79196,1.468488,0.00187,0.000976,0.481033474,0.002109378,0.002109378,0.004218756
48,-14.84557,1.607569,1.468508,,-15.78857,1.468508,0.00339,-2E-05,-0.005899637,0.003390059,0.003390059,0.006780118
49,-14.83884,1.607996,1.468249,,-15.78184,1.468249,0.00673,0.000259,0.038465416,0.006734982,0.006734982,0.013469964
50,-14.83711,1.612835,1.469273,,-15.78011,1.469273,0.00173,-0.001024,-0.534447894,0.002010342,0.002010342,0.004020684
51,-14.83881,1.613868,1.463407,,-15.78181,1.463407,-0.0017,0.005866,-1.288718178,0.006107369,0.006107369,0.012214738
52,-15.02877,1.611997,1.254584,,-15.97177,1.254584,-0.18996,0.208823,-0.832664347,0.282297444,0.282297444,0.564594888
53,-14.51585,1.61536,1.409742,,-15.45885,1.409742,0.51292,-0.155158,-0.293748256,0.535873988,0.535873988,1.071747976
54,-14.36697,1.614959,1.421348,,-15.30997,1.421348,0.14888,-0.011606,-0.077798061,0.14933169,0.14933169,0.29866338
55,-14.37877,1.615824,1.428022,,-15.32177,1.428022,-0.0118,-0.006674,0.5147361,0.013556632,0.013556632,0.027113264
56,-14.3912,1.614404,1.420964,,-15.3342,1.420964,-0.01243,0.007058,-0.51642142,0.014294064,0.014294064,0.028588128
57,-14.40026,1.600744,1.400394,,-15.34326,1.400394,-0.00906,0.02057,-1.155914804,0.022476844,0.022476844,0.044953688
58,-14.39922,1.578555,1.340034,,-15.34222,1.340034,0.00104,0.06036,1.553568078,0.060368959,0.060368959,0.120737918
59,-14.39774,1.539097,1.328687,,-15.34074,1.328687,0.00148,0.011347,1.441097557,0.011443112,0.011443112,0.022886224
60,-14.39342,1.487902,1.331836,,-15.33642,1.331836,0.00432,-0.003149,-0.629882764,0.005345896,0.005345896,0.010691792
61,-14.46682,1.398291,1.281188,,-15.40982,1.281188,-0.0734,0.050648,-0.604001437,0.08917836,0.08917836,0.17835672
62,-14.46682,1.398291,1.281188,,-15.40982,1.281188,0,0,0,0,0,0
63,-14.46682,1.398291,1.281188,,-15.40982,1.281188,0,0,0,0,0,0
64,-14.46682,1.398291,1.281188,,-15.40982,1.281188,0,0,0,0,0,0
65,-14.46682,1.398291,1.281188,,-15.40982,1.281188,0,0,0,0,0,0
66,-14.46682,1.398291,1.281188,,-15.40982,1.281188,0,0,0,0,0,0
67,-14.46682,1.398291,1.281188,,-15.40982,1.281188,0,0,0,0,0,0
68,-14.46682,1.398291,1.281188,,-15.40982,1.281188,0,0,0,0,0,0
69,-14.46682,1.398291,1.281188,,-15.40982,1.281188,0,0,0,0,0,0
70,-14.46682,1.398291,1.281188,,-15.40982,1.281188,0,0,0,0,0,0
71,-14.46682,1.398291,1.281188,,-15.40982,1.281188,0,0,0,0,0,0
72,-14.46682,1.398291,1.281188,,-15.40982,1.281188,0,0,0,0,0,0
73,-14.46682,1.398291,1.281188,,-15.40982,1.281188,0,0,0,0,0,0
74,-14.46682,1.398291,1.281188,,-15.40982,1.281188,0,0,0,0,0,0
75,-14.46682,1.398291,1.281188,,-15.40982,1.281188,0,0,0,0,0,0
76,-14.46682,1.398291,1.281188,,-15.40982,1.281188,0,0,0,0,0,0
77,-14.46682,1.398291,1.281188,,-15.40982,1.281188,0,0,0,0,0,0
78,-14.46682,1.398291,1.281188,,-15.40982,1.281188,0,0,0,0,0,0
79,-14.46682,1.398291,1.281188,,-15.40982,1.281188,0,0,0,0,0,0
80,-14.46682,1.398291,1.281188,,-15.40982,1.281188,0,0,0,0,0,0
81,-14.46682,1.398291,1.281188,,-15.40982,1.281188,0,0,0,0,0,0
82,-14.46682,1.398291,1.281188,,-15.40982,1.281188,0,0,0,0,0,0
83,-14.46682,1.398291,1.281188,,-15.40982,1.281188,0,0,0,0,0,0
84,-14.46682,1.398291,1.281188,,-15.40982,1.281188,0,0,0,0,0,0
85,-14.46682,1.398291,1.281188,,-15.40982,1.281188,0,0,0,0,0,0
86,-14.46682,1.398291,1.281188,,-15.40982,1.281188,0,0,0,0,0,0
87,-14.46682,1.398291,1.281188,,-15.40982,1.281188,0,0,0,0,0,0
88,-14.46682,1.398291,1.281188,,-15.40982,1.281188,0,0,0,0,0,0
89,-14.46682,1.398291,1.281188,,-15.40982,1.281188,0,0,0,0,0,0
90,-14.46682,1.398291,1.281188,,-15.40982,1.281188,0,0,0,0,0,0
91,-14.46682,1.398291,1.281188,,-15.40982,1.281188,0,0,0,0,0,0
92,-14.46682,1.398291,1.281188,,-15.40982,1.281188,0,0,0,0,0,0
93,-14.46682,1.398291,1.281188,,-15.40982,1.281188,0,0,0,0,0,0
94,-14.46682,1.398291,1.281188,,-15.40982,1.281188,0,0,0,0,0,0
95,-14.46682,1.398291,1.281188,,-15.40982,1.281188,0,0,0,0,0,0
96,-14.46682,1.398291,1.281188,,-15.40982,1.281188,0,0,0,0,0,0
97,-14.46682,1.398291,1.281188,,-15.40982,1.281188,0,0,0,0,0,0
98,-14.46682,1.398291,1.281188,,-15.40982,1.281188,0,0,0,0,0,0
99,-14.46682,1.398291,1.281188,,-15.40982,1.281188,0,0,0,0,0,0
100,-14.46682,1.398291,1.281188,,-15.40982,1.281188,0,0,0,0,0,0
101,-14.46682,1.398291,1.281188,,-15.40982,1.281188,0,0,0,0,0,0
102,-14.46682,1.398291,1.281188,,-15.40982,1.281188,0,0,0,0,0,0
103,-14.46682,1.398291,1.281188,,-15.40982,1.281188,0,0,0,0,0,0
104,-14.46682,1.398291,1.281188,,-15.40982,1.281188,0,0,0,0,0,0
105,-14.46682,1.398291,1.281188,,-15.40982,1.281188,0,0,0,0,0,0
106,-14.46682,1.398291,1.281188,,-15.40982,1.281188,0,0,0,0,0,0
107,-14.46682,1.398291,1.281188,,-15.40982,1.281188,0,0,0,0,0,0
108,-14.46682,1.398291,1.281188,,-15.40982,1.281188,0,0,0,0,0,0
109,-14.46682,1.398291,1.281188,,-15.40982,1.281188,0,0,0,0,0,0
110,-14.46682,1.398291,1.281188,,-15.40982,1.281188,0,0,0,0,0,0
111,-14.46682,1.398291,1.281188,,-15.40982,1.281188,0,0,0,0,0,0
112,-14.46682,1.398291,1.281188,,-15.40982,1.281188,0,0,0,0,0,0
113,-14.46682,1.398291,1.281188,,-15.40982,1.281188,0,0,0,0,0,0
114,-14.46682,1.398291,1.281188,,-15.40982,1.281188,0,0,0,0,0,0
115,-14.46682,1.398291,1.281188,,-15.40982,1.281188,0,0,0,0,0,0
116,-14.46682,1.398291,1.281188,,-15.40982,1.281188,0,0,0,0,0,0
117,-14.46682,1.398291,1.281188,,-15.40982,1.281188,0,0,0,0,0,0
118,-14.46682,1.398291,1.281188,,-15.40982,1.281188,0,0,0,0,0,0
119,-14.46682,1.398291,1.281188,,-15.40982,1.281188,0,0,0,0,0,0
120,-14.46682,1.398291,1.281188,,-15.40982,1.281188,0,0,0,0,0,0
121,-14.46682,1.398291,1.281188,,-15.40982,1.281188,0,0,0,0,0,0
122,-14.46682,1.398291,1.281188,,-15.40982,1.281188,0,0,0,0,0,0
123,-14.46682,1.398291,1.281188,,-15.40982,1.281188,0,0,0,0,0,0
124,-14.46682,1.398291,1.281188,,-15.40982,1.281188,0,0,0,0,0,0
125,-14.46682,1.398291,1.281188,,-15.40982,1.281188,0,0,0,0,0,0
126,-14.46682,1.398291,1.281188,,-15.40982,1.281188,0,0,0,0,0,0
127,-14.46682,1.398291,1.281188,,-15.40982,1.281188,0,0,0,0,0,0
128,-14.46682,1.398291,1.281188,,-15.40982,1.281188,0,0,0,0,0,0
129,-14.46682,1.398291,1.281188,,-15.40982,1.281188,0,0,0,0,0,0
130,-14.46682,1.398291,1.281188,,-15.40982,1.281188,0,0,0,0,0,0
131,-14.46682,1.398291,1.281188,,-15.40982,1.281188,0,0,0,0,0,0
132,-14.46682,1.398291,1.281188,,-15.40982,1.281188,0,0,0,0,0,0
133,-14.46682,1.398291,1.281188,,-15.40982,1.281188,0,0,0,0,0,0
134,-14.46682,1.398291,1.281188,,-15.40982,1.281188,0,0,0,0,0,0
135,-14.46682,1.398291,1.281188,,-15.40982,1.281188,0,0,0,0,0,0
136,-14.46682,1.398291,1.281188,,-15.40982,1.281188,0,0,0,0,0,0
137,-14.46682,1.398291,1.281188,,-15.40982,1.281188,0,0,0,0,0,0
138,-14.46682,1.398291,1.281188,,-15.40982,1.281188,0,0,0,0,0,0
139,-14.46682,1.398291,1.281188,,-15.40982,1.281188,0,0,0,0,0,0
140,-14.46682,1.398291,1.281188,,-15.40982,1.281188,0,0,0,0,0,0
141,-14.46682,1.398291,1.281188,,-15.40982,1.281188,0,0,0,0,0,0
142,-14.46682,1.398291,1.281188,,-15.40982,1.281188,0,0,0,0,0,0
143,-14.46682,1.398291,1.281188,,-15.40982,1.281188,0,0,0,0,0,0
144,-14.46682,1.398291,1.281188,,-15.40982,1.281188,0,0,0,0,0,0
145,-14.46682,1.398291,1.281188,,-15.40982,1.281188,0,0,0,0,0,0
146,-14.46682,1.398291,1.281188,,-15.40982,1.281188,0,0,0,0,0,0
147,-14.46682,1.398291,1.281188,,-15.40982,1.281188,0,0,0,0,0,0
148,-14.46682,1.398291,1.281188,,-15.40982,1.281188,0,0,0,0,0,0
149,-14.46682,2.515891,1.281188,,-15.40982,1.281188,0,0,0,0,0,0
150,-14.46682,2.515891,1.281188,,-15.40982,1.281188,0,0,0,0,0,0
151,-14.46682,2.515891,1.281188,,-15.40982,1.281188,0,0,0,0,0,0
152,-14.46682,2.515891,1.281188,,-15.40982,1.281188,0,0,0,0,0,0
153,-14.46682,2.515891,1.281188,,-15.40982,1.281188,0,0,0,0,0,0
154,-14.46682,2.515891,1.281188,,-15.40982,1.281188,0,0,0,0,0,0
155,-14.46682,2.515891,1.281188,,-15.40982,1.281188,0,0,0,0,0,0
156,-14.46682,2.515891,1.281188,,-15.40982,1.281188,0,0,0,0,0,0
157,-6.324875,1.424517,0.563538,,-7.267875,0.563538,8.141945,0.71765,0.087915126,8.17351148,8.17351148,16.34702296
158,-6.276875,1.577706,0.5662553,,-7.219875,0.5662553,0.048,-0.0027173,-0.056550059,0.048076852,0.048076852,0.096153704
159,-6.285029,1.581087,0.5598922,,-7.228029,0.5598922,-0.008154,0.0063631,-0.662653476,0.010342957,0.010342957,0.020685914
160,-6.265745,1.57397,0.5664794,,-7.208745,0.5664794,0.019284,-0.0065872,-0.329162056,0.020378024,0.020378024,0.040756048
161,-6.298498,1.518782,0.5352016,,-7.241498,0.5352016,-0.032753,0.0312778,-0.762363326,0.045288628,0.045288628,0.090577256
162,-6.264292,1.575368,0.5570497,,-7.207292,0.5570497,0.034206,-0.0218481,-0.568405511,0.040588051,0.040588051,0.081176102
163,-6.250295,1.556562,0.5158913,,-7.193295,0.5158913,0.013997,0.0411584,1.242989349,0.043473324,0.043473324,0.086946648
164,-6.235325,1.601295,0.5729623,,-7.178325,0.5729623,0.01497,-0.057071,-1.314270576,0.059001694,0.059001694,0.118003388
165,-6.225822,1.594257,0.5610785,,-7.168822,0.5610785,0.009503,0.0118838,0.896262711,0.015216166,0.015216166,0.030432332
166,-6.24346,1.578518,0.554007,,-7.18646,0.554007,-0.017638,0.0070715,-0.381302796,0.019002767,0.019002767,0.038005534
167,-6.239647,1.593955,0.5517902,,-7.182647,0.5517902,0.003813,0.0022168,0.52661542,0.004410575,0.004410575,0.00882115
168,-6.22235,1.597069,0.5536192,,-7.16535,0.5536192,0.017297,-0.001829,-0.105349402,0.017393431,0.017393431,0.034786862
169,-6.238373,1.599751,0.5461485,,-7.181373,0.5461485,-0.016023,0.0074707,-0.436283734,0.017679024,0.017679024,0.035358048
170,-6.192314,1.615286,0.5541214,,-7.135314,0.5541214,0.046059,-0.0079729,-0.171403368,0.046743969,0.046743969,0.093487938
171,-6.174918,1.619877,0.5341597,,-7.117918,0.5341597,0.017396,0.0199617,0.853969766,0.02647811,0.02647811,0.05295622
172,-6.183303,1.61917,0.5616591,,-7.126303,0.5616591,-0.008385,-0.0274994,1.2748358,0.028749352,0.028749352,0.057498704
173,-6.216264,1.615224,0.5562559,,-7.159264,0.5562559,-0.032961,0.0054032,-0.162481941,0.033400929,0.033400929,0.066801858
174,-6.262371,1.613884,0.6013027,,-7.205371,0.6013027,-0.046107,-0.0450468,0.773767796,0.06445983,0.06445983,0.12891966
